-245 -53 -56 -244 -42 -39 -256 -52 -51 -258 -40 -50 -255 -41 -53 -255 -45 -52 -253 -50 -56 -254 -50 -62 -255 -50 -57 -255 -50 -63 -255 -50 -56 -255 -50 -62 -255 -49 -63 -248 -50 -63 -248 -51 -62 -254 -49 -62 -254 -50 -57 -249 -55 -62 -248 -48 -62 -255 -48 -67 -248 -44 -62 -255 -48 -62 -255 -50 -56 -249 -50 -62 -250 -49 -57 -255 -50 -63 -255 -55 -62 -255 -48 -61 -255 -50 -63 -255 -49 -56 -255 -49 -56 -255 -50 -56
-248 -55 -62 -253 -55 -63 -248 -48 -62 -248 -49 -62 -255 -49 -63 -250 -48 -63 -248 -48 -63 -248 -48 -67 -249 -48 -66 -255 -48 -67 -248 -49 -66 -248 -49 -62 -255 -54 -66 -249 -48 -60 -248 -55 -65 -248 -50 -65 -250 -48 -65 -250 -49 -64 -250 -50 -60 -251 -55 -66 -248 -48 -66 -249 -50 -60 -250 -55 -67 -244 -53 -64 -249 -48 -61 -254 -48 -65 -249 -54 -67 -251 -53 -68 -250 -49 -67 -251 -49 -64 -245 -49 -68 -251 -50 -65
-244 -51 -63 -250 -49 -84 -258 -58 -44 -248 -46 -78 -252 -62 -83 -251 -55 -58 -245 -59 -86 -250 -47 -69 -245 -51 -70 -251 -49 -64 -249 -52 -75 -251 -55 -67 -251 -57 -65 -249 -55 -60 -249 -49 -70 -248 -47 -48 -249 -49 -61 -255 -51 -60 -244 -44 -71 -250 -44 -64 -248 -50 -71 -249 -50 -68 -250 -49 -68 -251 -50 -71 -249 -48 -69 -250 -44 -64 -251 -51 -64 -250 -49 -73 -245 -36 -57 -250 -50 -69 -244 -51 -68 -250 -52 -76
-251 -50 -72 -250 -49 -81 -245 -50 -73 -251 -54 -82 -246 -51 -77 -245 -48 -78 -245 -51 -77 -246 -50 -72 -246 -49 -76 -244 -48 -72 -245 -51 -72 -249 -59 -72 -244 -42 -77 -251 -52 -77 -244 -49 -79 -249 -44 -73 -251 -52 -77 -240 -55 -76 -240 -49 -83 -244 -52 -82 -245 -58 -77 -240 -58 -83 -247 -55 -82 -246 -55 -91 -244 -58 -86 -241 -56 -89 -243 -59 -84 -247 -53 -89 -243 -57 -80 -240 -58 -85 -243 -57 -90 -241 -56 -89
-246 -52 -90 -241 -58 -84 -241 -56 -89 -240 -59 -91 -243 -62 -90 -240 -56 -80 -247 -61 -87 -245 -62 -77 -236 -53 -76 -241 -63 -83 -247 -63 -82 -240 -63 -87 -243 -58 -91 -247 -64 -81 -242 -56 -86 -241 -64 -85 -240 -56 -81 -236 -65 -86 -241 -66 -81 -239 -53 -81 -240 -66 -81 -242 -63 -86 -240 -61 -87 -240 -66 -81 -242 -67 -80 -243 -57 -81 -240 -57 -80 -242 -63 -87 -241 -61 -87 -240 -62 -82 -247 -61 -77 -242 -63 -86
-240 -59 -85 -240 -60 -81 -247 -56 -86 -245 -62 -87 -240 -56 -80 -247 -58 -80 -247 -56 -85 -241 -59 -84 -242 -67 -86 -247 -63 -85 -241 -57 -88 -242 -59 -85 -241 -62 -91 -241 -56 -91 -241 -62 -84 -241 -63 -84 -240 -62 -80 -243 -56 -85 -242 -60 -81 -242 -61 -91 -247 -67 -86 -242 -61 -87 -243 -56 -86 -241 -60 -85 -240 -61 -91 -242 -65 -90 -243 -60 -85 -242 -64 -85 -236 -66 -80 -236 -67 -84 -242 -60 -86 -240 -61 -90
-243 -66 -84 -243 -67 -85 -243 -67 -91 -240 -60 -85 -243 -65 -91 -243 -64 -91 -240 -66 -90 -236 -73 -93 -241 -61 -86 -242 -66 -89 -243 -61 -84 -241 -66 -86 -243 -66 -84 -243 -64 -87 -241 -64 -86 -243 -60 -81 -247 -67 -80 -241 -60 -86 -240 -66 -87 -243 -64 -86 -241 -71 -80 -246 -66 -86 -236 -56 -80 -242 -61 -82 -241 -67 -76 -247 -65 -83 -241 -66 -91 -240 -66 -87 -246 -62 -81 -237 -61 -87 -242 -58 -77 -242 -63 -85
-241 -66 -86 -241 -62 -80 -241 -56 -87 -242 -60 -80 -242 -60 -84 -240 -52 -84 -242 -61 -84 -236 -57 -91 -241 -67 -91 -241 -62 -81 -241 -60 -91 -236 -61 -94 -243 -56 -89 -237 -56 -89 -236 -62 -90 -242 -61 -90 -243 -60 -84 -240 -63 -86 -240 -56 -84 -243 -63 -91 -236 -60 -85 -243 -61 -84 -242 -63 -91 -243 -61 -84 -237 -63 -85 -241 -67 -89 -242 -61 -84 -243 -61 -90 -243 -61 -90 -243 -61 -84 -240 -60 -85 -242 -61 -90
-241 -62 -91 -240 -67 -88 -243 -63 -92 -243 -61 -85 -240 -70 -96 -241 -63 -87 -241 -57 -82 -242 -61 -86 -243 -52 -81 -247 -63 -80 -240 -62 -85 -240 -57 -86 -245 -66 -86 -242 -56 -82 -247 -53 -83 -240 -58 -87 -241 -58 -81 -241 -52 -86 -240 -59 -85 -241 -53 -87 -247 -59 -91 -241 -59 -87 -247 -58 -87 -241 -57 -84 -240 -58 -87 -240 -58 -82 -243 -53 -89 -242 -58 -87 -246 -57 -87 -247 -58 -80 -241 -56 -87 -241 -58 -84
-240 -57 -87 -240 -56 -86 -247 -57 -82 -241 -63 -87 -240 -59 -86 -247 -58 -80 -242 -58 -87 -245 -61 -90 -247 -59 -80 -246 -62 -81 -241 -56 -85 -241 -59 -83 -241 -59 -80 -240 -63 -80 -245 -58 -82 -242 -59 -77 -241 -58 -81 -247 -56 -85 -243 -63 -82 -247 -57 -86 -246 -63 -80 -240 -57 -87 -243 -56 -86 -247 -63 -83 -246 -63 -81 -240 -58 -80 -245 -58 -80 -240 -56 -77 -245 -63 -69 -240 -57 -77 -246 -59 -76 -241 -59 -82
-241 -58 -81 -246 -58 -81 -246 -57 -83 -247 -58 -82 -247 -56 -81 -241 -53 -80 -247 -52 -82 -245 -57 -80 -244 -62 -83 -251 -57 -81 -245 -52 -72 -246 -53 -74 -259 -55 -73 -241 -45 -60 -244 -51 -63 -250 -62 -64 -250 -59 -64 -249 -56 -66 -251 -58 -66 -245 -55 -60 -244 -59 -61 -244 -62 -65 -248 -63 -65 -251 -58 -64 -246 -50 -65 -250 -52 -71 -248 -58 -65 -245 -55 -62 -250 -60 -64 -252 -48 -62 -255 -44 -59 -254 -46 -50
-232 -47 -62 -253 -48 -34 -259 -40 -34 -259 -49 -37 -252 -45 -43 -252 -50 -38 -255 -46 -39 -257 -48 -39 -254 -51 -36 -253 -46 -41 -253 -40 -49 -258 -58 -47 -257 -54 -45 -249 -40 -47 -255 -48 -51 -259 -48 -44 -255 -45 -45 -259 -59 -51 -259 -54 -50 -249 -52 -51 -240 -32 -49 -257 -42 -60 -253 -57 -75 -248 -59 -69 -254 -50 -68 -255 -46 -69 -250 -54 -68 -251 -57 -66 -245 -67 -69 -241 -46 -71 -248 -60 -71 -244 -59 -69
-246 -53 -77 -245 -58 -69 -245 -56 -75 -245 -67 -73 -251 -48 -71 -246 -59 -79 -244 -56 -79 -244 -57 -75 -250 -63 -73 -244 -54 -79 -247 -54 -75 -245 -52 -75 -246 -62 -75 -244 -58 -69 -244 -59 -70 -246 -63 -73 -245 -59 -69 -245 -62 -75 -245 -56 -70 -246 -56 -68 -251 -61 -75 -246 -58 -74 -250 -63 -69 -246 -63 -69 -244 -62 -69 -245 -56 -69 -244 -63 -73 -245 -56 -69 -247 -56 -73 -243 -57 -86 -251 -67 -74 -247 -63 -73
-247 -61 -68 -245 -57 -64 -244 -62 -69 -244 -66 -73 -246 -56 -71 -244 -67 -73 -245 -58 -68 -244 -63 -69 -246 -63 -64 -249 -56 -72 -251 -57 -75 -251 -57 -65 -244 -57 -67 -248 -56 -69 -244 -63 -75 -244 -61 -70 -244 -63 -67 -250 -60 -60 -251 -57 -64 -245 -67 -71 -245 -61 -71 -244 -60 -64 -244 -66 -60 -251 -60 -70 -251 -61 -64 -245 -62 -70 -244 -60 -70 -244 -67 -70 -245 -66 -65 -251 -62 -66 -244 -62 -70 -240 -67 -69
-247 -63 -70 -245 -56 -70 -246 -63 -70 -246 -63 -70 -251 -60 -70 -245 -60 -64 -244 -60 -71 -245 -61 -68 -245 -67 -75 -245 -60 -69 -245 -60 -70 -245 -63 -65 -244 -65 -64 -246 -60 -70 -245 -67 -64 -245 -65 -69 -244 -64 -75 -250 -64 -69 -240 -66 -64 -246 -66 -68 -249 -83 -68 -245 -66 -64 -245 -65 -75 -244 -66 -74 -246 -67 -70 -246 -63 -67 -240 -66 -66 -250 -64 -70 -248 -65 -61 -247 -61 -71 -251 -71 -70 -241 -61 -79
-254 -64 -70 -248 -67 -63 -247 -66 -71 -253 -62 -60 -240 -62 -63 -253 -60 -54 -245 -62 -62 -248 -67 -53 -253 -60 -50 -248 -56 -55 -249 -63 -54 -248 -61 -51 -252 -61 -48 -255 -61 -50 -248 -57 -46 -255 -62 -46 -255 -58 -46 -255 -56 -51 -254 -59 -46 -255 -56 -46 -255 -57 -45 -255 -57 -46 -255 -57 -44 -253 -56 -40 -248 -59 -44 -255 -62 -41 -253 -56 -46 -255 -57 -46 -259 -60 -45 -253 -58 -42 -255 -58 -32 -249 -66 -43
-254 -56 -32 -255 -56 -38 -253 -56 -38 -254 -61 -36 -253 -57 -42 -253 -67 -47 -254 -59 -32 -255 -60 -46 -254 -63 -39 -248 -62 -55 -252 -66 -43 -249 -61 -32 -251 -57 -36 -259 -67 -37 -253 -67 -39 -250 -62 -40 -248 -61 -41 -241 -44 -34 -255 -66 -37 -252 -59 -45 -254 -54 -41 -256 -65 -37 -252 -60 -49 -254 -53 -36 -255 -63 -44 -255 -54 -54 -250 -57 -48 -248 -67 -58 -255 -60 -49 -248 -58 -58 -250 -67 -58 -249 -57 -50
-248 -62 -55 -249 -61 -63 -250 -57 -55 -255 -56 -53 -244 -57 -56 -251 -56 -53 -249 -56 -52 -250 -62 -57 -251 -63 -58 -249 -56 -52 -248 -61 -53 -248 -67 -52 -249 -67 -52 -249 -56 -63 -249 -66 -52 -250 -63 -62 -248 -62 -62 -250 -62 -58 -250 -60 -57 -249 -75 -66 -246 -58 -63 -248 -67 -57 -249 -61 -57 -248 -64 -59 -250 -63 -58 -255 -63 -58 -251 -65 -59 -250 -57 -49 -248 -65 -56 -244 -61 -56 -248 -60 -58 -249 -64 -53
-249 -62 -56 -251 -62 -56 -248 -61 -52 -249 -60 -57 -248 -63 -59 -251 -61 -57 -250 -60 -63 -250 -61 -57 -251 -61 -56 -248 -60 -63 -249 -62 -58 -250 -62 -58 -250 -61 -57 -249 -61 -58 -249 -62 -58 -251 -62 -63 -250 -60 -63 -250 -61 -59 -250 -62 -57 -249 -61 -58 -250 -62 -57 -249 -67 -58 -250 -62 -58 -251 -63 -56 -244 -61 -58 -251 -62 -56 -249 -60 -62 -250 -58 -63 -249 -63 -63 -248 -60 -57 -245 -62 -62 -251 -60 -59
-251 -61 -57 -244 -67 -63 -250 -63 -56 -249 -66 -61 -250 -62 -61 -251 -66 -62 -250 -62 -56 -250 -66 -67 -244 -67 -63 -249 -60 -62 -245 -67 -62 -250 -67 -61 -250 -67 -61 -251 -60 -56 -251 -60 -63 -250 -60 -61 -251 -61 -63 -244 -61 -63 -250 -66 -61 -244 -67 -62 -250 -60 -60 -250 -66 -63 -245 -67 -62 -244 -67 -61 -251 -66 -57 -251 -66 -63 -250 -60 -62 -244 -67 -65 -250 -67 -61 -251 -60 -57 -244 -60 -67 -251 -66 -56
-250 -67 -57 -251 -66 -56 -248 -62 -63 -251 -61 -57 -249 -60 -62 -251 -67 -62 -251 -61 -63 -251 -60 -63 -249 -61 -61 -245 -61 -61 -246 -60 -62 -251 -56 -62 -251 -62 -63 -250 -65 -63 -250 -60 -63 -250 -66 -63 -251 -67 -61 -250 -62 -57 -249 -67 -63 -250 -62 -61 -251 -56 -57 -249 -62 -67 -240 -48 -54 -251 -66 -58 -250 -65 -56 -251 -64 -62 -250 -57 -61 -251 -60 -62 -249 -57 -59 -254 -67 -60 -250 -57 -58 -248 -63 -56
-249 -60 -63 -250 -61 -62 -251 -62 -56 -250 -63 -63 -248 -61 -56 -250 -62 -63 -250 -63 -61 -251 -61 -62 -250 -63 -62 -250 -63 -58 -250 -61 -62 -248 -56 -57 -251 -63 -61 -250 -63 -62 -249 -63 -63 -251 -62 -60 -249 -62 -61 -251 -58 -62 -250 -63 -56 -251 -60 -63 -251 -62 -56 -248 -58 -63 -245 -56 -62 -249 -63 -56 -251 -62 -66 -250 -60 -57 -249 -62 -62 -244 -56 -63 -244 -61 -61 -245 -61 -61 -244 -56 -67 -250 -63 -67
-245 -63 -67 -250 -62 -61 -248 -61 -56 -251 -60 -61 -245 -62 -61 -250 -60 -62 -250 -67 -56 -251 -67 -62 -250 -67 -60 -246 -63 -62 -244 -60 -56 -245 -63 -62 -250 -62 -63 -250 -65 -61 -249 -67 -63 -250 -67 -62 -244 -67 -60 -248 -67 -56 -250 -66 -63 -250 -62 -61 -248 -66 -58 -249 -60 -62 -250 -63 -62 -251 -56 -61 -248 -67 -67 -246 -62 -66 -248 -60 -62 -251 -62 -62 -244 -56 -60 -245 -65 -62 -251 -62 -67 -245 -62 -61
-248 -61 -62 -244 -62 -61 -250 -62 -63 -251 -60 -62 -244 -62 -67 -244 -67 -56 -249 -62 -60 -250 -62 -62 -249 -63 -60 -251 -60 -66 -244 -63 -67 -244 -57 -60 -250 -57 -67 -251 -62 -61 -244 -62 -67 -250 -67 -61 -250 -62 -60 -250 -60 -60 -250 -61 -62 -248 -67 -56 -251 -61 -63 -250 -67 -67 -251 -62 -62 -251 -61 -61 -250 -63 -62 -251 -60 -66 -251 -61 -63 -245 -61 -66 -251 -67 -63 -251 -60 -62 -244 -62 -61 -250 -60 -66
-251 -62 -61 -251 -61 -60 -249 -62 -61 -251 -62 -66 -245 -60 -60 -251 -61 -67 -249 -61 -61 -245 -61 -60 -250 -63 -61 -250 -61 -60 -250 -61 -61 -244 -62 -63 -245 -67 -65 -249 -67 -56 -244 -61 -61 -251 -61 -62 -249 -67 -60 -250 -61 -63 -250 -60 -61 -249 -63 -63 -250 -61 -66 -245 -62 -61 -251 -60 -60 -250 -63 -61 -251 -60 -60 -251 -61 -60 -246 -57 -67 -250 -67 -62 -251 -62 -60 -250 -62 -65 -245 -61 -65 -248 -62 -67
-244 -62 -61 -245 -63 -67 -244 -62 -67 -244 -62 -62 -249 -61 -67 -244 -66 -61 -244 -62 -61 -250 -61 -61 -244 -62 -60 -250 -61 -67 -246 -58 -61 -249 -62 -62 -251 -60 -60 -255 -63 -63 -249 -61 -57 -250 -56 -59 -247 -62 -61 -250 -63 -56 -248 -67 -67 -250 -62 -62 -250 -56 -62 -250 -60 -61 -244 -60 -61 -250 -67 -62 -251 -61 -61 -244 -63 -65 -250 -61 -58 -246 -62 -60 -244 -60 -62 -244 -66 -66 -244 -62 -66 -250 -67 -61
-250 -60 -61 -251 -60 -67 -244 -67 -61 -251 -66 -60 -250 -61 -56 -255 -67 -61 -251 -60 -63 -250 -67 -56 -244 -67 -60 -251 -66 -63 -251 -61 -63 -250 -61 -62 -249 -61 -67 -251 -63 -61 -250 -67 -62 -251 -67 -60 -244 -60 -61 -250 -60 -60 -249 -60 -57 -245 -60 -63 -250 -60 -56 -249 -67 -63 -251 -61 -57 -245 -61 -63 -249 -60 -52 -250 -66 -56 -244 -61 -57 -251 -60 -57 -249 -60 -59 -249 -60 -59 -250 -61 -56 -251 -63 -58
-251 -60 -57 -250 -66 -56 -249 -61 -59 -251 -66 -58 -251 -61 -57 -251 -61 -57 -251 -62 -57 -248 -62 -57 -248 -62 -57 -250 -67 -56 -250 -63 -56 -244 -66 -61 -250 -60 -62 -248 -67 -56 -251 -67 -59 -251 -66 -63 -249 -67 -61 -250 -61 -61 -251 -61 -56 -249 -60 -63 -244 -60 -63 -251 -67 -63 -250 -60 -57 -250 -62 -58 -251 -67 -62 -249 -60 -58 -244 -61 -58 -250 -67 -56 -251 -60 -56 -244 -61 -62 -251 -61 -63 -251 -67 -61
-250 -61 -63 -250 -67 -63 -250 -61 -58 -248 -60 -56 -249 -61 -58 -244 -67 -63 -244 -62 -62 -250 -62 -57 -250 -67 -56 -249 -64 -56 -251 -62 -62 -250 -67 -63 -249 -66 -57 -249 -67 -63 -251 -60 -57 -249 -60 -63 -244 -60 -56 -245 -60 -56 -250 -60 -63 -250 -60 -57 -251 -60 -56 -251 -62 -62 -250 -61 -57 -249 -67 -56 -251 -62 -58 -250 -60 -57 -249 -66 -57 -251 -60 -56 -250 -66 -57 -250 -66 -57 -251 -64 -57 -251 -61 -56
-251 -67 -58 -250 -60 -56 -251 -66 -59 -251 -60 -57 -249 -66 -52 -250 -61 -59 -250 -67 -57 -250 -67 -58 -251 -62 -57 -250 -61 -56 -251 -67 -58 -248 -61 -57 -251 -61 -59 -251 -67 -57 -249 -60 -56 -250 -67 -56 -251 -66 -57 -250 -65 -63 -249 -65 -58 -250 -65 -57 -250 -60 -57 -250 -60 -59 -250 -67 -53 -249 -65 -58 -250 -65 -56 -249 -67 -59 -244 -60 -59 -251 -66 -57 -250 -61 -58 -251 -67 -57 -250 -62 -59 -249 -66 -57
