-163 -67 189 -163 -61 192 -163 -67 189 -156 -65 189 -156 -66 189 -157 -66 188 -163 -61 191 -156 -67 189 -157 -60 191 -162 -67 190 -163 -60 189 -156 -66 191 -156 -66 190 -156 -60 190 -163 -61 192 -162 -65 190 -157 -67 190 -158 -67 189 -156 -60 190 -157 -67 191 -159 -60 191 -162 -66 190 -156 -67 191 -157 -60 190 -157 -66 192 -157 -67 191 -156 -65 189 -158 -67 191 -157 -67 190 -158 -61 191 -163 -61 189 -158 -60 192
-163 -67 190 -157 -67 190 -156 -66 193 -158 -60 191 -157 -67 190 -156 -60 191 -157 -63 192 -163 -65 189 -167 -69 188 -152 -63 194 -166 -78 183 -170 -72 184 -171 -68 183 -161 -76 177 -159 -80 186 -157 -69 190 -156 -71 198 -155 -70 190 -145 -65 188 -148 -77 189 -152 -70 186 -151 -71 194 -146 -67 192 -152 -60 195 -159 -74 186 -159 -61 185 -153 -71 192 -155 -69 184 -149 -78 188 -154 -73 197 -150 -71 188 -156 -67 189
-154 -68 191 -155 -74 194 -145 -66 197 -141 -70 195 -146 -65 199 -142 -64 200 -132 -66 199 -145 -65 201 -138 -70 212 -142 -64 192 -129 -57 204 -138 -75 212 -139 -70 205 -137 -66 202 -137 -65 202 -134 -70 204 -139 -64 202 -143 -73 198 -139 -70 197 -146 -65 203 -147 -70 198 -155 -60 195 -149 -58 201 -133 -63 189 -140 -65 200 -142 -71 203 -141 -66 203 -143 -60 204 -147 -66 203 -142 -66 204 -136 -64 202 -142 -65 205
-139 -60 203 -137 -66 204 -136 -61 201 -143 -66 202 -136 -71 214 -143 -69 203 -142 -65 202 -143 -71 200 -142 -71 202 -136 -69 203 -136 -70 200 -143 -71 201 -132 -71 200 -139 -71 198 -137 -74 198 -137 -73 202 -132 -68 202 -143 -70 199 -142 -71 202 -129 -74 205 -132 -75 204 -139 -68 204 -139 -60 203 -137 -63 209 -141 -57 205 -139 -52 203 -136 -48 209 -145 -53 204 -145 -53 201 -144 -48 207 -141 -50 203 -147 -44 209
-144 -53 207 -145 -53 202 -136 -55 205 -140 -55 205 -140 -53 202 -140 -53 203 -147 -52 202 -147 -59 203 -147 -52 201 -142 -52 202 -140 -62 201 -146 -58 200 -140 -56 201 -140 -58 201 -146 -57 202 -147 -57 202 -147 -63 203 -137 -60 202 -145 -56 212 -143 -67 200 -141 -62 203 -141 -56 204 -142 -62 204 -136 -56 204 -141 -61 202 -139 -57 203 -142 -57 206 -136 -56 204 -141 -57 204 -142 -63 201 -143 -56 205 -143 -58 202
-137 -63 203 -136 -62 206 -140 -60 205 -147 -59 197 -140 -62 204 -142 -63 201 -141 -63 201 -142 -63 203 -142 -62 203 -141 -61 201 -140 -63 202 -140 -59 203 -136 -61 202 -142 -62 204 -147 -63 204 -143 -62 201 -142 -62 203 -142 -63 203 -142 -62 201 -141 -61 203 -141 -60 202 -143 -61 201 -142 -66 203 -137 -60 205 -137 -60 201 -142 -66 202 -142 -62 203 -141 -67 201 -141 -67 199 -146 -69 198 -147 -75 203 -144 -72 201
-140 -78 199 -140 -72 207 -143 -72 198 -141 -78 195 -143 -79 203 -141 -72 198 -143 -72 200 -136 -90 196 -136 -81 198 -137 -82 202 -141 -87 199 -143 -85 195 -136 -81 199 -139 -86 193 -143 -80 199 -137 -82 199 -136 -81 196 -142 -86 198 -143 -85 198 -136 -81 194 -140 -85 196 -142 -86 195 -142 -85 196 -142 -86 195 -138 -80 196 -142 -80 194 -136 -85 195 -142 -76 207 -133 -95 195 -142 -103 195 -137 -93 193 -142 -94 195
-138 -97 189 -143 -103 194 -136 -96 189 -137 -103 191 -144 -96 192 -138 -97 188 -139 -103 191 -138 -107 192 -133 -106 189 -139 -100 189 -133 -107 188 -132 -101 187 -139 -96 191 -139 -100 190 -136 -100 190 -139 -103 189 -143 -100 188 -144 -102 191 -142 -110 187 -141 -103 184 -144 -101 182 -141 -95 185 -145 -95 186 -141 -98 186 -144 -93 190 -147 -92 187 -148 -98 187 -143 -97 189 -141 -99 190 -151 -96 189 -144 -98 187 -141 -98 189
-147 -98 188 -140 -99 186 -140 -99 190 -140 -97 188 -141 -98 188 -142 -92 188 -140 -99 189 -142 -94 189 -143 -92 191 -142 -98 189 -143 -98 191 -142 -99 193 -143 -92 193 -143 -94 194 -139 -95 193 -137 -90 190 -142 -95 196 -138 -85 197 -141 -89 198 -138 -90 193 -140 -77 199 -137 -98 194 -141 -89 190 -136 -95 191 -137 -94 195 -136 -89 195 -146 -85 199 -140 -86 194 -142 -84 191 -143 -90 197 -143 -85 195 -132 -86 194
-146 -75 194 -150 -75 194 -151 -72 197 -150 -68 193 -148 -75 193 -159 -71 190 -156 -67 189 -159 -62 182 -157 -75 190 -164 -53 195 -161 -68 194 -155 -71 217 -159 -66 197 -159 -57 200 -147 -56 202 -162 -59 196 -153 -53 203 -153 -48 192 -157 -49 199 -153 -54 198 -156 -49 193 -156 -49 196 -159 -52 198 -163 -45 193 -157 -50 191 -162 -48 189 -162 -55 193 -156 -53 191 -157 -55 195 -156 -54 193 -157 -52 192 -156 -55 193
-157 -54 193 -156 -52 194 -157 -59 189 -156 -58 191 -152 -56 194 -152 -57 196 -157 -58 191 -156 -56 191 -157 -61 192 -159 -60 192 -159 -63 190 -158 -65 196 -153 -64 191 -155 -70 194 -159 -75 183 -152 -68 184 -150 -75 195 -159 -68 189 -156 -75 189 -148 -70 190 -148 -70 194 -159 -75 195 -149 -69 194 -144 -67 198 -155 -62 200 -151 -62 194 -148 -58 196 -150 -59 197 -145 -58 199 -141 -57 201 -147 -56 202 -149 -59 200
-149 -59 199 -147 -53 203 -140 -52 204 -140 -54 201 -140 -48 207 -137 -50 199 -146 -56 205 -142 -45 203 -142 -55 202 -140 -54 205 -136 -53 204 -141 -52 201 -147 -54 202 -141 -53 205 -140 -53 205 -142 -53 205 -141 -55 204 -147 -53 204 -141 -58 203 -147 -52 202 -142 -53 205 -140 -52 203 -147 -52 205 -140 -52 201 -141 -54 202 -147 -59 203 -140 -59 201 -141 -53 203 -140 -59 203 -140 -58 202 -140 -52 202 -147 -58 201
-146 -54 201 -147 -52 202 -147 -59 202 -140 -58 202 -140 -52 203 -147 -58 204 -146 -53 202 -141 -57 202 -140 -58 204 -147 -59 203 -141 -59 203 -147 -57 205 -146 -58 204 -146 -52 202 -146 -56 202 -140 -59 202 -147 -52 202 -147 -59 201 -145 -58 202 -145 -59 202 -147 -52 205 -145 -58 202 -147 -56 201 -146 -52 202 -140 -52 203 -145 -59 202 -147 -57 203 -147 -53 203 -147 -59 204 -140 -52 202 -146 -52 202 -147 -57 204
-146 -59 202 -146 -58 202 -147 -57 201 -140 -59 201 -140 -57 204 -147 -59 203 -147 -58 204 -146 -59 203 -146 -58 202 -140 -58 204 -147 -58 202 -140 -58 202 -146 -57 203 -140 -59 202 -147 -58 204 -140 -59 202 -147 -58 202 -146 -58 203 -147 -57 202 -140 -59 203 -147 -57 200 -140 -52 202 -141 -58 203 -146 -59 202 -140 -52 202 -146 -53 204 -147 -58 202 -146 -59 202 -147 -57 200 -147 -63 202 -140 -57 200 -140 -57 203
-140 -60 204 -141 -66 203 -141 -64 201 -140 -64 201 -152 -71 211 -145 -76 206 -144 -65 200 -140 -65 199 -147 -71 199 -147 -69 201 -143 -71 204 -137 -60 207 -128 -66 210 -130 -67 212 -131 -57 211 -124 -57 211 -129 -57 213 -127 -57 216 -125 -61 215 -122 -48 215 -116 -54 218 -122 -52 221 -112 -49 216 -118 -57 220 -123 -55 211 -118 -52 216 -118 -57 220 -118 -56 219 -117 -52 215 -114 -56 221 -116 -56 219 -117 -61 218
-123 -58 215 -117 -62 219 -118 -56 215 -117 -67 224 -121 -63 215 -127 -63 215 -125 -49 215 -123 -59 215 -124 -52 218 -120 -53 217 -116 -54 218 -116 -59 215 -120 -58 218 -120 -57 211 -127 -48 212 -127 -52 211 -131 -56 218 -121 -58 210 -130 -59 220 -118 -60 208 -121 -61 214 -126 -62 213 -120 -52 214 -120 -64 214 -126 -57 214 -120 -56 215 -120 -60 216 -121 -61 215 -120 -62 216 -122 -67 214 -123 -63 214 -121 -57 214
-116 -58 214 -123 -56 214 -127 -59 219 -116 -59 220 -116 -52 217 -117 -59 215 -121 -54 219 -116 -55 216 -123 -58 218 -117 -58 220 -123 -58 219 -112 -53 217 -123 -59 219 -123 -56 220 -116 -53 216 -118 -57 216 -119 -56 220 -121 -57 217 -123 -56 219 -122 -52 215 -119 -62 216 -117 -57 214 -119 -57 219 -112 -56 218 -116 -52 217 -112 -58 220 -118 -52 221 -112 -54 217 -113 -53 223 -112 -48 217 -119 -48 215 -123 -56 218
-123 -59 220 -112 -58 217 -118 -59 218 -116 -59 216 -116 -59 220 -116 -59 223 -117 -52 219 -116 -57 219 -119 -53 215 -117 -59 219 -115 -53 221 -112 -53 221 -112 -53 218 -113 -54 225 -119 -56 215 -112 -59 218 -112 -58 221 -114 -52 220 -115 -52 220 -113 -54 217 -113 -54 220 -115 -52 222 -114 -59 220 -112 -54 219 -118 -55 220 -114 -54 220 -113 -53 228 -115 -53 221 -115 -59 225 -115 -52 220 -114 -52 223 -114 -58 221
-114 -54 221 -108 -52 221 -114 -54 220 -115 -52 219 -113 -58 221 -112 -53 222 -115 -59 220 -108 -53 220 -114 -59 223 -115 -58 222 -115 -63 218 -108 -52 220 -108 -58 222 -113 -58 221 -109 -59 219 -114 -59 221 -108 -57 223 -115 -58 218 -108 -52 219 -115 -58 219 -108 -58 221 -113 -58 221 -109 -58 220 -114 -52 221 -108 -59 222 -108 -59 219 -113 -53 221 -114 -58 220 -115 -58 221 -114 -58 222 -115 -59 221 -113 -57 219
-115 -56 222 -114 -56 221 -115 -58 219 -108 -57 222 -114 -56 220 -113 -58 221 -115 -59 219 -115 -58 219 -108 -59 222 -114 -58 222 -114 -57 221 -108 -57 219 -115 -59 219 -114 -59 222 -114 -57 220 -108 -59 221 -108 -58 220 -114 -57 219 -115 -63 221 -115 -58 219 -114 -58 220 -115 -57 221 -115 -57 222 -114 -58 220 -109 -58 219 -114 -63 221 -109 -57 220 -115 -56 222 -112 -56 221 -115 -63 223 -115 -56 220 -115 -57 221
-113 -56 220 -114 -58 221 -108 -56 222 -109 -56 219 -108 -58 221 -108 -57 221 -114 -56 218 -113 -56 223 -108 -56 220 -113 -56 218 -114 -63 219 -115 -62 220 -115 -61 220 -115 -57 220 -115 -56 221 -114 -57 217 -114 -57 220 -113 -56 218 -112 -56 220 -115 -57 221 -113 -63 219 -113 -56 220 -115 -57 219 -119 -56 220 -114 -56 220 -114 -62 219 -112 -63 219 -112 -62 219 -119 -56 219 -118 -56 220 -113 -63 218 -112 -60 218
-113 -61 217 -114 -61 218 -112 -63 220 -123 -53 218 -112 -53 225 -108 -63 219 -106 -65 227 -118 -57 218 -109 -54 223 -110 -57 223 -111 -58 220 -104 -53 222 -109 -52 222 -111 -58 221 -105 -52 220 -108 -59 223 -115 -53 224 -109 -56 224 -109 -56 220 -112 -57 216 -108 -57 224 -119 -56 217 -115 -61 219 -114 -57 219 -113 -59 222 -112 -58 217 -112 -57 220 -114 -63 220 -112 -63 220 -113 -62 220 -114 -57 218 -119 -57 220
-119 -57 219 -113 -57 220 -114 -56 219 -119 -63 220 -113 -62 219 -113 -58 218 -119 -62 218 -113 -63 217 -112 -62 221 -112 -57 220 -112 -62 219 -112 -62 220 -113 -63 215 -118 -62 217 -119 -63 218 -112 -63 219 -119 -62 218 -119 -63 217 -119 -62 219 -119 -63 219 -113 -56 218 -118 -61 218 -112 -61 218 -119 -56 218 -119 -63 218 -113 -62 218 -119 -63 218 -113 -63 219 -112 -62 218 -119 -60 220 -119 -56 220 -119 -63 216
-113 -63 218 -119 -57 217 -112 -56 218 -112 -56 218 -113 -56 216 -117 -63 218 -118 -61 219 -112 -63 219 -119 -61 219 -119 -63 218 -112 -63 219 -119 -60 218 -113 -62 219 -119 -61 218 -112 -63 218 -113 -60 218 -112 -62 218 -119 -62 217 -118 -58 219 -113 -61 220 -119 -67 220 -119 -52 220 -112 -62 217 -114 -60 218 -112 -57 220 -113 -62 219 -119 -57 221 -113 -57 222 -113 -63 219 -112 -56 216 -112 -57 218 -114 -62 219
-111 -59 211 -118 -57 223 -119 -57 221 -108 -59 220 -112 -57 218 -119 -59 222 -114 -61 221 -112 -59 218 -113 -56 217 -119 -53 218 -114 -58 218 -114 -58 220 -113 -58 220 -113 -58 220 -114 -57 219 -112 -59 220 -115 -57 219 -114 -57 217 -113 -57 220 -112 -56 222 -113 -59 221 -119 -59 218 -113 -56 219 -113 -63 220 -113 -56 217 -112 -56 221 -114 -57 218 -114 -63 219 -113 -58 221 -119 -63 219 -112 -57 219 -112 -62 216
-112 -56 218 -112 -58 219 -118 -63 217 -112 -56 218 -114 -56 218 -118 -57 216 -119 -62 217 -112 -63 218 -119 -63 217 -113 -56 217 -119 -62 220 -114 -62 220 -112 -58 218 -112 -61 221 -113 -58 219 -113 -61 220 -112 -61 219 -118 -61 219 -112 -62 219 -112 -61 220 -112 -62 221 -113 -63 218 -112 -56 219 -119 -62 219 -112 -62 217 -112 -62 219 -119 -56 220 -112 -63 218 -119 -62 220 -118 -62 220 -114 -57 221 -113 -57 218
-118 -56 219 -113 -63 220 -113 -62 221 -113 -62 218 -113 -57 221 -114 -63 216 -119 -58 218 -116 -56 218 -123 -62 216 -116 -57 217 -116 -63 217 -119 -61 218 -117 -57 218 -117 -56 216 -117 -56 218 -118 -62 217 -119 -63 216 -117 -63 219 -118 -58 217 -118 -60 219 -118 -62 217 -117 -63 215 -117 -61 216 -119 -61 219 -119 -60 216 -119 -60 218 -118 -62 217 -119 -60 217 -117 -67 217 -117 -61 216 -119 -56 216 -123 -60 217
-116 -63 217 -117 -62 217 -112 -60 216 -112 -56 217 -117 -56 217 -116 -62 218 -117 -61 219 -118 -63 217 -118 -63 217 -119 -63 218 -112 -61 215 -118 -61 219 -118 -60 217 -118 -61 218 -119 -61 218 -117 -63 218 -112 -61 218 -117 -60 219 -119 -62 219 -118 -60 217 -118 -63 219 -112 -62 215 -112 -59 220 -118 -61 215 -123 -63 214 -122 -62 219 -117 -64 232 -121 -73 215 -123 -77 207 -120 -76 207 -126 -76 211 -115 -62 225
-112 -64 210 -123 -65 211 -125 -60 208 -131 -63 217 -134 -65 213 -126 -52 217 -126 -38 208 -133 -43 219 -139 -35 231 -128 -37 215 -128 -28 216 -131 -34 217 -129 -29 219 -128 -29 218 -129 -35 217 -131 -34 217 -129 -33 216 -131 -33 217 -130 -33 217 -131 -29 217 -131 -33 218 -124 -34 216 -130 -29 221 -130 -32 217 -124 -28 218 -131 -33 217 -131 -34 216 -131 -28 219 -131 -34 217 -124 -35 220 -125 -35 217 -125 -33 218
-131 -35 216 -131 -28 216 -125 -33 217 -124 -34 217 -129 -34 213 -126 -33 219 -125 -35 216 -120 -28 220 -127 -35 222 -124 -35 221 -124 -34 219 -124 -34 219 -126 -29 215 -126 -35 219 -126 -35 219 -125 -32 220 -125 -35 220 -124 -35 217 -125 -28 219 -126 -35 216 -125 -29 220 -124 -32 220 -126 -33 218 -126 -35 218 -126 -34 220 -126 -28 218 -125 -35 217 -124 -34 220 -126 -33 216 -127 -33 218 -125 -35 218 -124 -28 219
