-233 -33 106 -233 -33 106 -233 -34 108 -234 -33 106 -239 -34 109 -232 -34 106 -239 -33 106 -232 -33 107 -233 -33 106 -232 -32 105 -233 -34 107 -232 -34 106 -237 -34 108 -234 -34 109 -233 -34 106 -239 -35 107 -234 -34 106 -233 -34 108 -232 -28 107 -232 -33 105 -233 -28 104 -234 -33 108 -232 -33 104 -233 -29 107 -232 -32 105 -239 -32 105 -239 -33 106 -239 -34 106 -234 -33 103 -239 -32 105 -239 -33 107 -232 -35 105
-232 -33 104 -232 -35 106 -232 -33 106 -232 -33 106 -232 -34 105 -234 -34 103 -239 -39 106 -234 -33 105 -232 -34 105 -238 -32 105 -239 -35 106 -232 -33 107 -239 -35 105 -232 -32 104 -233 -34 104 -232 -33 107 -232 -34 105 -238 -33 105 -232 -33 103 -233 -34 105 -233 -34 107 -232 -33 108 -239 -32 105 -234 -32 104 -232 -32 105 -233 -34 106 -233 -34 105 -238 -33 105 -233 -34 107 -232 -33 104 -232 -33 109 -239 -33 105
-233 -34 107 -238 -39 106 -234 -33 106 -232 -34 105 -238 -32 104 -238 -34 101 -232 -35 101 -232 -34 104 -232 -28 106 -236 -33 108 -232 -39 106 -239 -34 106 -233 -34 106 -239 -34 105 -239 -32 105 -232 -34 105 -232 -35 107 -234 -32 107 -232 -33 108 -238 -33 101 -234 -32 099 -232 -32 106 -237 -33 106 -233 -34 105 -232 -28 103 -239 -32 104 -239 -33 105 -238 -33 102 -239 -34 105 -233 -34 103 -232 -38 108 -233 -39 105
-232 -34 103 -234 -32 105 -233 -33 105 -232 -32 104 -232 -33 107 -232 -32 108 -233 -32 107 -232 -32 105 -233 -32 105 -232 -34 106 -239 -34 107 -233 -39 107 -233 -35 108 -239 -35 110 -228 -39 108 -234 -39 106 -234 -37 109 -234 -32 112 -229 -34 112 -234 -34 111 -235 -33 112 -232 -39 106 -235 -32 112 -228 -33 109 -233 -32 108 -233 -28 111 -234 -32 110 -233 -33 110 -233 -32 109 -234 -34 108 -234 -34 110 -233 -32 110
-235 -33 109 -235 -34 110 -235 -34 108 -233 -34 108 -234 -35 110 -233 -33 110 -233 -32 109 -228 -32 109 -234 -32 109 -234 -38 111 -235 -33 108 -234 -33 108 -228 -33 108 -233 -34 110 -234 -34 110 -232 -34 109 -233 -35 109 -232 -33 110 -233 -35 110 -234 -34 111 -234 -39 108 -235 -33 109 -232 -39 110 -232 -32 112 -228 -38 107 -228 -34 111 -235 -39 109 -228 -39 110 -235 -34 109 -228 -33 112 -233 -34 110 -228 -39 109
-230 -28 109 -234 -35 115 -228 -34 111 -229 -33 112 -229 -39 110 -235 -34 110 -228 -35 112 -228 -33 111 -235 -33 111 -228 -33 114 -235 -39 112 -231 -38 109 -234 -38 114 -235 -39 110 -234 -37 110 -234 -39 110 -233 -33 108 -235 -32 110 -235 -38 112 -234 -32 111 -235 -38 112 -235 -32 112 -234 -32 111 -235 -32 111 -235 -39 110 -228 -39 110 -235 -38 112 -228 -39 113 -234 -32 110 -235 -32 112 -235 -39 112 -234 -32 112
-235 -38 110 -233 -39 111 -228 -38 112 -234 -33 110 -236 -49 105 -229 -33 112 -224 -34 114 -228 -43 106 -230 -35 112 -225 -37 114 -239 -36 113 -235 -37 110 -230 -37 111 -230 -35 115 -239 -40 115 -228 -47 107 -230 -38 112 -229 -40 109 -228 -42 112 -230 -42 109 -230 -38 113 -235 -36 111 -228 -38 115 -229 -36 115 -235 -41 110 -228 -41 111 -235 -41 110 -228 -41 112 -234 -41 110 -228 -36 115 -224 -34 115 -235 -37 111
-229 -47 112 -228 -38 113 -229 -32 113 -229 -39 112 -229 -36 113 -224 -43 111 -234 -41 114 -230 -43 112 -229 -42 114 -235 -40 113 -234 -40 113 -231 -42 113 -230 -42 114 -230 -37 112 -234 -37 115 -230 -41 113 -229 -40 114 -229 -37 115 -231 -42 113 -225 -37 116 -229 -37 113 -231 -42 113 -226 -37 116 -228 -42 114 -229 -36 110 -230 -42 113 -231 -38 115 -231 -42 117 -224 -36 113 -224 -37 113 -228 -42 112 -231 -36 114
-229 -43 114 -230 -42 113 -229 -36 116 -235 -37 115 -231 -43 117 -228 -42 113 -231 -43 113 -230 -42 113 -229 -43 114 -230 -42 114 -229 -36 113 -230 -36 115 -229 -43 114 -228 -37 114 -229 -38 112 -231 -36 114 -229 -36 115 -230 -41 113 -228 -43 116 -228 -43 116 -229 -42 113 -231 -36 112 -229 -36 113 -231 -43 115 -228 -42 114 -235 -36 112 -229 -42 112 -228 -42 114 -230 -36 115 -229 -43 116 -230 -36 114 -229 -42 112
-229 -40 114 -231 -42 116 -230 -43 114 -229 -43 113 -229 -36 113 -230 -43 114 -229 -42 114 -230 -37 119 -230 -36 115 -229 -36 114 -230 -42 115 -230 -41 115 -230 -36 114 -228 -36 115 -231 -41 114 -229 -41 114 -230 -43 114 -230 -42 114 -224 -43 113 -231 -42 118 -228 -41 115 -231 -43 114 -231 -36 114 -228 -37 116 -230 -47 113 -231 -41 114 -231 -41 114 -229 -41 115 -228 -43 113 -230 -37 114 -224 -43 115 -224 -42 115
-228 -38 112 -230 -42 115 -231 -43 115 -224 -37 116 -231 -42 117 -230 -43 117 -230 -36 114 -231 -36 117 -231 -43 115 -230 -43 116 -229 -42 115 -231 -43 115 -230 -36 116 -231 -42 118 -230 -41 115 -231 -36 116 -224 -43 118 -224 -43 115 -231 -43 115 -230 -37 116 -231 -36 116 -231 -43 116 -230 -43 116 -231 -43 119 -224 -36 115 -231 -36 117 -231 -36 118 -224 -43 114 -231 -42 117 -224 -37 117 -231 -43 116 -231 -43 115
-230 -43 118 -230 -42 117 -228 -36 117 -224 -38 119 -231 -36 119 -230 -42 117 -224 -36 115 -230 -42 116 -231 -36 114 -229 -41 115 -231 -42 115 -231 -36 117 -229 -36 117 -231 -43 118 -230 -36 116 -230 -42 117 -231 -43 117 -230 -42 116 -230 -41 116 -230 -43 116 -224 -37 117 -231 -37 117 -231 -36 117 -231 -43 117 -231 -42 118 -224 -40 116 -224 -41 119 -231 -42 115 -224 -43 118 -225 -42 116 -231 -43 118 -230 -36 117
-231 -36 117 -231 -36 117 -224 -43 118 -231 -42 117 -231 -42 116 -225 -41 117 -230 -42 118 -224 -41 120 -231 -42 117 -224 -36 117 -231 -43 118 -224 -36 118 -231 -42 116 -230 -36 118 -230 -42 116 -224 -41 116 -231 -42 119 -231 -41 114 -231 -42 116 -230 -43 116 -224 -42 116 -230 -36 116 -231 -43 116 -231 -42 117 -230 -36 118 -231 -43 116 -230 -42 116 -231 -42 115 -231 -43 118 -229 -42 116 -231 -42 117 -230 -36 117
-231 -43 117 -231 -41 116 -231 -40 115 -230 -36 116 -231 -41 115 -230 -42 117 -224 -41 118 -231 -42 116 -224 -42 117 -230 -43 116 -226 -43 116 -225 -42 116 -231 -40 117 -225 -40 118 -224 -40 117 -231 -42 119 -224 -42 117 -231 -41 118 -231 -43 118 -225 -42 117 -225 -43 117 -230 -42 116 -224 -41 115 -231 -43 117 -224 -43 117 -224 -41 116 -224 -42 118 -225 -43 122 -233 -41 121 -226 -42 127 -230 -46 119 -228 -44 119
-226 -41 117 -224 -41 118 -226 -42 117 -231 -40 118 -224 -42 118 -231 -42 117 -224 -41 117 -225 -43 120 -231 -37 117 -224 -41 118 -229 -40 116 -224 -36 119 -224 -42 117 -224 -36 119 -225 -36 118 -231 -43 118 -229 -40 118 -229 -41 116 -230 -47 110 -230 -40 113 -228 -41 114 -235 -40 112 -230 -42 113 -230 -42 112 -235 -43 113 -230 -37 108 -230 -47 113 -231 -41 114 -230 -47 114 -229 -43 111 -231 -43 114 -230 -41 115
-229 -42 116 -230 -43 114 -230 -37 114 -230 -43 115 -231 -43 114 -230 -42 115 -224 -41 115 -230 -42 114 -229 -42 115 -231 -42 114 -229 -36 114 -224 -42 114 -230 -43 115 -228 -41 114 -230 -43 114 -231 -42 116 -231 -41 116 -230 -36 115 -230 -43 114 -230 -41 115 -231 -36 115 -230 -42 118 -229 -41 115 -224 -43 114 -231 -43 116 -229 -42 115 -231 -42 115 -229 -41 114 -231 -42 116 -231 -43 115 -230 -41 116 -229 -43 116
-230 -42 115 -231 -43 115 -229 -36 117 -231 -42 115 -231 -43 113 -231 -43 116 -231 -42 116 -230 -42 114 -229 -42 116 -230 -43 116 -225 -43 115 -230 -41 116 -231 -42 115 -231 -42 116 -230 -42 114 -230 -42 114 -231 -42 115 -230 -36 115 -231 -42 115 -230 -42 117 -231 -42 116 -231 -42 115 -231 -42 117 -224 -42 116 -231 -36 116 -230 -43 117 -224 -42 118 -230 -36 116 -230 -42 114 -231 -42 114 -229 -41 116 -230 -41 115
-224 -36 117 -231 -41 116 -224 -36 115 -224 -43 115 -231 -43 114 -231 -42 116 -224 -41 115 -231 -41 116 -230 -42 114 -224 -42 115 -230 -43 116 -229 -43 116 -231 -43 116 -224 -36 115 -230 -40 116 -229 -41 116 -231 -42 115 -231 -36 116 -230 -42 116 -230 -43 116 -224 -42 114 -231 -42 116 -225 -41 116 -224 -41 117 -231 -40 115 -224 -43 114 -230 -42 116 -230 -40 116 -230 -43 116 -231 -41 114 -230 -43 114 -231 -42 115
-230 -42 114 -230 -40 115 -231 -43 115 -231 -42 116 -230 -41 111 -230 -41 114 -231 -43 116 -230 -42 115 -225 -40 115 -231 -36 115 -225 -36 118 -229 -36 116 -231 -37 119 -230 -42 117 -230 -36 117 -230 -36 117 -231 -36 116 -231 -36 115 -231 -36 117 -231 -43 117 -230 -42 116 -231 -41 116 -229 -43 115 -231 -43 116 -230 -42 115 -231 -36 116 -231 -42 115 -231 -36 115 -230 -36 118 -231 -42 117 -229 -36 118 -231 -37 116
-230 -42 116 -229 -36 117 -230 -36 116 -230 -43 116 -225 -43 116 -224 -36 115 -228 -42 117 -231 -36 116 -231 -42 114 -230 -37 116 -231 -43 114 -224 -43 117 -231 -43 115 -231 -43 115 -230 -37 118 -230 -43 115 -224 -42 117 -229 -36 115 -230 -36 116 -230 -42 117 -228 -43 116 -224 -42 117 -229 -36 117 -230 -36 115 -230 -36 117 -229 -43 116 -231 -42 116 -231 -42 114 -230 -43 116 -230 -36 116 -230 -36 117 -224 -36 117
-229 -41 115 -224 -37 119 -230 -43 119 -231 -43 116 -230 -42 116 -224 -36 116 -229 -41 118 -231 -43 117 -231 -41 116 -229 -42 117 -231 -42 116 -224 -40 116 -230 -36 118 -231 -41 117 -231 -43 114 -230 -43 115 -225 -43 115 -230 -43 115 -230 -36 118 -224 -41 116 -231 -42 118 -229 -42 115 -224 -42 114 -224 -41 115 -231 -36 117 -229 -43 117 -224 -42 117 -225 -41 116 -224 -42 118 -231 -42 117 -231 -43 116 -230 -43 116
-231 -37 116 -231 -36 119 -224 -43 116 -230 -42 115 -231 -43 116 -230 -41 114 -231 -41 116 -224 -42 115 -231 -43 116 -230 -42 113 -225 -41 114 -229 -42 116 -224 -42 115 -231 -42 116 -230 -42 117 -231 -42 116 -230 -42 118 -224 -36 118 -224 -43 117 -230 -38 116 -229 -41 115 -230 -43 118 -224 -41 117 -230 -41 117 -231 -37 115 -231 -41 114 -230 -43 120 -230 -43 116 -231 -41 117 -224 -43 115 -231 -43 117 -230 -43 117
-231 -42 114 -231 -43 114 -224 -42 116 -231 -43 115 -225 -43 117 -231 -36 116 -231 -42 116 -229 -38 117 -229 -42 116 -229 -41 116 -230 -42 115 -230 -42 117 -224 -43 117 -224 -42 115 -231 -41 117 -231 -41 116 -230 -37 117 -231 -42 116 -224 -43 117 -230 -36 116 -231 -42 116 -231 -42 117 -230 -42 118 -230 -43 118 -231 -43 117 -231 -41 117 -231 -36 117 -231 -36 119 -230 -47 115 -230 -38 118 -230 -40 115 -230 -43 116
-225 -43 116 -224 -42 118 -230 -36 116 -224 -43 117 -231 -42 116 -231 -36 115 -224 -41 115 -230 -43 117 -231 -36 117 -224 -43 116 -224 -42 116 -231 -36 118 -229 -42 117 -229 -37 114 -225 -36 118 -230 -39 117 -224 -43 116 -224 -37 117 -230 -36 117 -225 -41 116 -224 -42 118 -224 -36 116 -231 -43 116 -225 -37 118 -225 -37 118 -231 -38 116 -224 -42 116 -224 -42 117 -224 -43 119 -229 -43 119 -225 -36 118 -231 -43 118
-225 -37 117 -230 -43 117 -224 -43 117 -224 -43 117 -224 -43 119 -231 -37 116 -224 -36 117 -231 -42 116 -231 -42 118 -231 -43 117 -224 -36 119 -231 -41 116 -225 -37 117 -225 -36 118 -231 -43 117 -226 -43 119 -225 -42 119 -224 -42 118 -231 -43 118 -226 -42 119 -226 -42 120 -225 -43 116 -224 -37 118 -231 -43 119 -231 -43 120 -225 -42 118 -230 -43 119 -231 -42 118 -230 -41 116 -225 -43 119 -224 -42 119 -225 -40 120
-231 -42 117 -224 -43 121 -229 -36 114 -227 -41 115 -226 -42 136 -220 -42 126 -224 -47 119 -220 -36 121 -224 -41 122 -226 -40 121 -226 -41 120 -220 -37 123 -226 -36 118 -224 -42 120 -226 -41 123 -225 -36 120 -225 -42 118 -226 -41 120 -227 -43 120 -226 -37 120 -225 -41 119 -226 -41 119 -226 -43 121 -225 -42 119 -225 -43 120 -225 -42 121 -226 -36 120 -224 -42 122 -225 -42 120 -225 -41 118 -227 -41 116 -231 -43 122
-220 -43 120 -225 -43 119 -224 -42 116 -224 -42 119 -224 -41 118 -225 -42 120 -224 -40 118 -224 -42 119 -226 -42 117 -224 -42 116 -229 -36 117 -230 -37 120 -231 -43 121 -230 -41 119 -225 -43 119 -225 -43 118 -225 -37 120 -224 -36 119 -224 -43 117 -225 -40 117 -226 -43 117 -225 -38 121 -231 -43 119 -226 -43 121 -224 -43 119 -224 -40 118 -225 -42 118 -226 -41 117 -224 -36 121 -224 -41 120 -227 -42 120 -224 -36 119
-226 -36 120 -225 -43 121 -224 -37 119 -226 -42 119 -224 -41 118 -224 -43 118 -224 -42 119 -224 -37 119 -225 -43 119 -224 -42 119 -231 -42 118 -226 -42 120 -225 -43 120 -225 -36 119 -224 -41 119 -229 -42 119 -225 -36 117 -224 -42 120 -224 -42 118 -224 -36 118 -224 -42 118 -224 -42 119 -224 -42 118 -224 -42 120 -224 -43 118 -225 -42 119 -231 -43 118 -225 -42 117 -231 -42 119 -226 -42 119 -231 -42 118 -226 -37 118
-231 -43 118 -227 -40 119 -224 -42 119 -227 -42 118 -227 -41 119 -225 -41 117 -225 -36 119 -225 -42 119 -224 -37 118 -224 -42 120 -224 -40 117 -231 -36 119 -224 -42 118 -224 -42 118 -224 -40 118 -224 -43 117 -226 -42 118 -224 -43 118 -231 -43 120 -231 -41 120 -225 -43 116 -231 -43 120 -231 -42 118 -225 -42 119 -224 -42 119 -224 -40 119 -224 -43 119 -230 -42 118 -225 -41 120 -225 -36 119 -226 -40 119 -225 -41 120
-224 -43 117 -231 -42 121 -224 -42 117 -224 -42 118 -224 -43 120 -225 -42 118 -224 -43 120 -224 -42 117 -230 -43 119 -225 -42 118 -226 -36 116 -224 -43 118 -224 -42 117 -225 -42 119 -224 -43 118 -224 -41 120 -224 -43 118 -224 -40 118 -224 -43 117 -225 -42 118 -225 -42 119 -229 -42 120 -226 -42 117 -225 -40 120 -226 -39 120 -231 -39 129 -224 -41 116 -231 -41 115 -229 -43 118 -224 -43 117 -224 -41 115 -229 -40 115
